Low V-Neck
X
[23.04609218436874, 23.74749498997996, 24.248496993987978, 24.248496993987978, 24.248496993987978, 24.849699398797597, 25.551102204408817, 25.95190380761523, 26.152304609218437, 26.653306613226455, 27.555110220440884, 28.65731462925852, 29.65931863727455, 30.460921843687377, 31.2625250501002, 31.56312625250501, 32.565130260521045, 32.86573146292585, 33.967935871743485, 35.47094188376754, 35.97194388777555, 35.87174348697395, 35.47094188376754, 34.76953907815631, 34.46893787575151, 32.965931863727455, 32.66533066132265, 31.56312625250501, 29.95991983967936, 29.559118236472948, 29.759519038076153, 29.759519038076153, 29.95991983967936, 30.260521042084168, 30.861723446893787, 30.861723446893787, 29.05811623246493, 27.75551102204409, 24.448897795591183, 22.545090180360724, 22.344689378757515, 22.44488977955912, 22.44488977955912, 22.44488977955912, 22.44488977955912, 22.44488977955912, 22.44488977955912, 22.44488977955912, 22.244488977955914, 21.943887775551104, 20.04008016032064, 18.43687374749499, 17.835671342685373, 17.13426853707415, 16.032064128256515, 15.93186372745491, 15.831663326653308, 15.430861723446894, 15.430861723446894, 15.6312625250501, 18.236472945891784, 20.440881763527056, 21.943887775551104, 22.645290581162325]
Y
[49.77110157367668, 48.46924177396281, 47.66809728183119, 46.86695278969957, 45.56509298998569, 43.361945636623744, 45.66523605150215, 47.06723891273248, 47.96852646638054, 49.17024320457797, 49.670958512160226, 49.57081545064378, 48.96995708154506, 48.76967095851216, 48.2689556509299, 48.16881258941345, 47.76824034334764, 47.66809728183119, 47.267525035765374, 47.267525035765374, 47.267525035765374, 46.26609442060086, 44.663805436337626, 43.562231759656655, 44.06294706723891, 44.663805436337626, 45.56509298998569, 46.065808297567955, 46.56652360515021, 46.56652360515021, 45.06437768240343, 42.46065808297568, 40.45779685264664, 39.15593705293276, 37.35336194563662, 36.85264663805436, 37.25321888412017, 37.453505007153076, 37.75393419170243, 37.75393419170243, 37.75393419170243, 38.8555078683834, 40.858369098712444, 42.26037195994277, 43.562231759656655, 44.463519313304715, 45.36480686695279, 45.66523605150215, 46.46638054363376, 46.96709585121602, 47.467811158798284, 46.56652360515021, 46.46638054363376, 45.56509298998569, 45.06437768240343, 44.964234620886984, 46.76680972818312, 48.16881258941345, 49.77110157367668, 49.07010014306152, 48.06866952789699, 48.569384835479255, 49.47067238912732, 49.871244635193136]

Warrior - Girl
X
[22.244488977955914, 22.14428857715431, 23.14629258517034, 23.14629258517034, 23.14629258517034, 23.947895791583168, 24.549098196392787, 24.949899799599198, 25.450901803607216, 25.851703406813627, 26.452905811623246, 27.054108216432866, 27.054108216432866, 27.855711422845694, 27.855711422845694, 27.855711422845694, 27.855711422845694, 27.254509018036075, 26.85370741482966, 26.85370741482966, 26.953907815631265, 27.15430861723447, 27.254509018036075, 25.751503006012026, 24.148296593186373, 23.246492985971944, 22.845691382765533, 22.845691382765533, 23.04609218436874, 23.246492985971944, 22.945891783567134, 22.344689378757515, 21.342685370741485, 21.342685370741485, 21.643286573146295]
Y
[45.66523605150215, 49.971387696709584, 50.07153075822603, 48.86981402002861, 46.86695278969957, 47.167381974248926, 47.467811158798284, 47.06723891273248, 47.56795422031473, 47.467811158798284, 47.267525035765374, 46.76680972818312, 50.17167381974249, 50.17167381974249, 45.9656652360515, 44.86409155937053, 43.96280400572246, 43.96280400572246, 43.261802575107296, 42.46065808297568, 41.05865522174535, 40.557939914163086, 40.25751072961373, 40.35765379113018, 40.35765379113018, 40.15736766809728, 40.45779685264664, 41.45922746781116, 42.06008583690987, 42.96137339055794, 43.76251788268955, 43.76251788268955, 43.76251788268955, 43.76251788268955, 44.86409155937053]

Vest - Unisex
X
[20.741482965931866, 21.24248496993988, 21.743486973947896, 22.14428857715431, 22.344689378757515, 22.14428857715431, 21.442885771543086, 21.042084168336675, 21.042084168336675, 21.042084168336675, 21.54308617234469, 27.855711422845694, 27.555110220440884, 27.15430861723447, 26.653306613226455, 26.352705410821645, 26.052104208416836, 26.352705410821645, 27.45490981963928, 28.156312625250504, 28.35671342685371, 28.156312625250504, 27.354709418837675, 26.753507014028056, 25.95190380761523, 25.851703406813627, 25.551102204408817, 25.150300601202407, 24.34869739478958, 23.947895791583168, 23.647294589178358, 23.44689378757515, 23.14629258517034, 23.14629258517034, 22.14428857715431, 21.54308617234469, 20.240480961923847, 20.741482965931866]
Y
[49.57081545064378, 49.37052932761087, 48.86981402002861, 48.569384835479255, 47.467811158798284, 46.96709585121602, 46.36623748211731, 45.7653791130186, 45.264663805436335, 44.36337625178827, 40.05722460658083, 40.15736766809728, 45.36480686695279, 45.7653791130186, 46.1659513590844, 46.46638054363376, 47.06723891273248, 47.86838340486409, 48.16881258941345, 48.569384835479255, 49.37052932761087, 49.971387696709584, 49.971387696709584, 49.971387696709584, 49.971387696709584, 49.27038626609442, 48.6695278969957, 48.46924177396281, 48.46924177396281, 48.46924177396281, 48.86981402002861, 49.37052932761087, 50.17167381974249, 50.17167381974249, 50.37195994277539, 50.07153075822603, 50.07153075822603, 49.971387696709584]

T-Shirt
X
[19.438877755511022, 19.138276553106213, 21.24248496993988, 21.943887775551104, 21.54308617234469, 21.54308617234469, 21.042084168336675, 20.64128256513026, 27.555110220440884, 26.753507014028056, 26.753507014028056, 26.55310621242485, 26.55310621242485, 27.855711422845694, 28.857715430861724, 29.258517034068138, 26.653306613226455, 26.052104208416836, 25.551102204408817, 24.849699398797597, 23.947895791583168, 23.647294589178358, 23.647294589178358, 23.647294589178358]
Y
[49.17024320457797, 46.86695278969957, 46.86695278969957, 46.86695278969957, 45.865522174535045, 43.4620886981402, 41.959942775393415, 40.858369098712444, 40.45779685264664, 41.75965665236051, 43.061516452074386, 44.964234620886984, 46.36623748211731, 45.9656652360515, 45.56509298998569, 48.36909871244635, 49.27038626609442, 49.17024320457797, 48.06866952789699, 47.36766809728183, 47.36766809728183, 48.2689556509299, 48.96995708154506, 49.37052932761087]

