STICK
>>> weaponX
[13.226452905811623, 13.226452905811623, 12.625250501002004, 12.124248496993989, 11.322645290581162, 12.424849699398798, 13.12625250501002]
>>> weaponY
[47.86838340486409, 30.643776824034333, 29.341917024320452, 30.44349070100143, 66.09442060085837, 67.0958512160229, 65.69384835479256]

SWORD
>>> weaponX
[13.326653306613228, 13.026052104208418, 13.42685370741483, 13.42685370741483, 13.42685370741483, 13.226452905811623, 13.026052104208418, 12.725450901803608, 12.625250501002004, 12.324649298597194, 11.923847695390782, 11.723446893787575, 11.422845691382767, 11.322645290581162, 11.322645290581162, 11.322645290581162, 11.823647294589179, 12.024048096192384, 9.118236472945892, 9.01803607214429, 11.422845691382767, 11.723446893787575, 13.72745490981964, 15.130260521042084, 14.128256513026052, 16.432865731462925, 15.831663326653308]
>>> weaponY
[50.5722460658083, 46.76680972818312, 46.36623748211731, 46.065808297567955, 45.865522174535045, 45.7653791130186, 45.7653791130186, 45.7653791130186, 45.7653791130186, 45.7653791130186, 45.7653791130186, 45.7653791130186, 45.7653791130186, 45.9656652360515, 46.56652360515021, 46.56652360515021, 46.76680972818312, 50.472103004291846, 50.5722460658083, 51.37339055793991, 51.874105865522175, 64.49213161659513, 66.29470672389127, 64.19170243204577, 51.67381974248927, 51.273247496423465, 49.971387696709584]

BOW
>>> weaponX
[16.23246492985972, 15.030060120240481, 12.725450901803608, 10.120240480961924, 7.81563126252505, 4.809619238476954, 3.5070140280561124, 3.5070140280561124, 3.807615230460922, 5.31062124248497, 8.016032064128257, 10.62124248496994, 11.52304609218437, 10.32064128256513, 8.71743486973948, 6.212424849699399, 4.509018036072145, 3.006012024048096, 2.404809619238477, 2.2044088176352705, 2.1042084168336674, 2.1042084168336674, 4.909819639278557, 6.713426853707415, 10.521042084168338, 13.827655310621243, 16.432865731462925, 16.332665330661325, 11.623246492985972]
>>> weaponY
[41.65951359084406, 40.35765379113018, 39.55650929899856, 39.55650929899856, 39.85693848354792, 41.85979971387697, 44.86409155937053, 48.36909871244635, 53.97711015736767, 56.580829756795424, 57.8826895565093, 58.283261802575105, 58.98426323319027, 58.98426323319027, 58.98426323319027, 58.18311874105866, 57.181688125894134, 55.67954220314735, 52.87553648068669, 48.96995708154506, 45.36480686695279, 42.06008583690987, 38.95565092989985, 38.55507868383405, 37.75393419170243, 38.25464949928469, 40.45779685264664, 41.55937052932761, 58.783977110157366]

SPIKE THING
>>> weaponX
[12.82565130260521, 8.316633266533067, 9.719438877755511, 2.50501002004008, 9.619238476953909, 3.7074148296593186, 10.92184368737475, 10.32064128256513, 14.629258517034069, 13.527054108216433, 13.026052104208418, 14.228456913827655]
>>> weaponY
[45.66523605150215, 37.553648068669524, 45.7653791130186, 45.7653791130186, 48.86981402002861, 57.48211731044349, 52.27467811158798, 59.28469241773963, 52.474964234620884, 49.57081545064378, 47.96852646638054, 44.663805436337626]
