SPIKEY
hairX
[19.138276553106213, 14.02805611222445, 19.338677354709418, 15.330661322645291, 20.541082164328657, 19.03807615230461, 22.845691382765533, 24.649298597194388, 25.65130260521042, 29.158316633266534, 29.258517034068138, 33.26653306613227, 30.861723446893787, 34.3687374749499, 31.162324649298597, 27.655310621242485, 22.545090180360724, 19.138276553106213]
hairY
[59.18454935622317, 60.486409155937054, 61.38769670958512, 64.79256080114449, 63.490701001430615, 68.09728183118742, 64.89270386266094, 68.69814020028612, 65.1931330472103, 68.69814020028612, 63.29041487839771, 65.79399141630901, 61.38769670958512, 60.5865522174535, 58.98426323319027, 63.29041487839771, 63.19027181688126, 59.084406294706724]

H-Hair
>>> hairX
[21.342685370741485, 20.741482965931866, 20.240480961923847, 19.839679358717436, 19.739478957915832, 19.238476953907817, 18.637274549098198, 18.637274549098198, 18.236472945891784, 18.837675350701403, 17.935871743486974, 19.338677354709418, 19.138276553106213, 20.04008016032064, 22.545090180360724, 24.949899799599198, 26.55310621242485, 28.0561122244489, 29.35871743486974, 30.761523046092186, 31.2625250501002, 31.462925851703407, 31.462925851703407, 31.56312625250501, 30.360721442885772, 30.360721442885772, 29.258517034068138, 29.35871743486974, 27.254509018036075, 27.955911823647295, 26.85370741482966, 26.953907815631265, 25.751503006012026, 25.95190380761523, 24.148296593186373, 25.050100200400802, 23.34669338677355, 23.74749498997996, 22.344689378757515, 22.344689378757515, 21.643286573146295]
>>> hairY
[62.689556509298995, 61.18741058655222, 62.088698140200286, 59.78540772532189, 60.68669527896996, 58.98426323319027, 58.58369098712446, 60.486409155937054, 60.08583690987125, 62.389127324749644, 62.389127324749644, 63.29041487839771, 64.5922746781116, 64.39198855507868, 65.69384835479256, 65.69384835479256, 65.69384835479256, 65.09298998569385, 64.29184549356223, 62.78969957081545, 61.587982832618025, 60.5865522174535, 59.585121602288986, 58.68383404864092, 60.5865522174535, 59.38483547925608, 61.18741058655222, 60.3862660944206, 62.389127324749644, 60.987124463519315, 62.389127324749644, 61.587982832618025, 62.78969957081545, 61.587982832618025, 62.989985693848354, 62.088698140200286, 62.78969957081545, 61.98855507868383, 62.78969957081545, 61.98855507868383, 62.889842632331906]

L-Hair
>>> hairX
[22.044088176352705, 21.54308617234469, 20.741482965931866, 20.04008016032064, 19.238476953907817, 18.7374749498998, 18.336673346693388, 18.236472945891784, 18.03607214428858, 18.03607214428858, 18.03607214428858, 18.03607214428858, 18.03607214428858, 18.03607214428858, 18.03607214428858, 17.635270541082164, 16.933867735470944, 16.53306613226453, 17.334669338677354, 17.935871743486974, 18.336673346693388, 18.336673346693388, 18.03607214428858, 18.43687374749499, 18.7374749498998, 19.03807615230461, 19.03807615230461, 19.03807615230461, 19.539078156312627, 19.939879759519037, 19.939879759519037, 20.140280561122246, 20.34068136272545, 20.440881763527056, 20.440881763527056, 20.440881763527056, 20.440881763527056, 20.440881763527056, 20.440881763527056, 20.440881763527056, 20.440881763527056, 20.440881763527056, 20.440881763527056, 20.140280561122246, 20.140280561122246, 20.140280561122246, 20.140280561122246, 20.34068136272545, 20.34068136272545, 20.440881763527056, 20.741482965931866, 20.841683366733466, 20.94188376753507, 20.94188376753507, 21.142284569138276, 21.24248496993988, 21.943887775551104, 22.344689378757515, 22.645290581162325, 23.34669338677355, 23.34669338677355, 23.04609218436874, 22.645290581162325, 23.14629258517034, 23.74749498997996, 24.148296593186373, 24.849699398797597, 24.949899799599198, 24.248496993987978, 24.248496993987978, 25.250501002004007, 25.551102204408817, 25.851703406813627, 26.25250501002004, 26.85370741482966, 26.352705410821645, 27.15430861723447, 27.45490981963928, 28.156312625250504, 28.75751503006012, 29.759519038076153, 29.759519038076153, 29.759519038076153, 29.35871743486974, 29.35871743486974, 29.35871743486974, 29.65931863727455, 29.65931863727455, 29.65931863727455, 29.65931863727455, 29.458917835671343, 29.35871743486974, 29.258517034068138, 29.258517034068138, 28.75751503006012, 28.65731462925852, 28.35671342685371, 28.35671342685371, 28.557114228456914, 29.559118236472948, 29.95991983967936, 29.95991983967936, 30.160320641282567, 30.360721442885772, 30.561122244488978, 30.761523046092186, 30.96192384769539, 31.162324649298597, 31.162324649298597, 31.763527054108216, 32.06412825651303, 32.06412825651303, 32.06412825651303, 32.06412825651303, 32.06412825651303, 32.06412825651303, 31.963927855711425, 31.86372745490982, 31.86372745490982, 31.86372745490982, 31.763527054108216, 31.162324649298597, 30.96192384769539, 29.65931863727455, 27.054108216432866, 26.052104208416836, 24.849699398797597, 24.248496993987978, 23.74749498997996, 23.14629258517034, 23.14629258517034, 23.14629258517034, 23.14629258517034, 22.74549098196393, 22.44488977955912, 22.244488977955914]
>>> hairY
[65.09298998569385, 64.9928469241774, 64.29184549356223, 63.59084406294707, 62.58941344778255, 60.88698140200286, 59.585121602288986, 57.28183118741059, 55.97997138769671, 54.07725321888412, 53.276108726752504, 51.57367668097282, 50.5722460658083, 49.47067238912732, 47.96852646638054, 46.065808297567955, 44.56366237482117, 43.562231759656655, 43.4620886981402, 44.26323319027182, 44.763948497854074, 43.96280400572246, 43.261802575107296, 43.16165951359084, 43.76251788268955, 45.264663805436335, 43.6623748211731, 43.361945636623744, 43.16165951359084, 43.862660944206006, 43.96280400572246, 45.46494992846924, 46.86695278969957, 48.96995708154506, 50.07153075822603, 50.67238912732475, 51.67381974248927, 52.07439198855508, 52.675250357653795, 53.47639484978541, 54.07725321888412, 55.178826895565095, 55.479256080114446, 57.38197424892704, 58.38340486409156, 59.48497854077253, 60.5865522174535, 61.08726752503576, 59.685264663805434, 58.283261802575105, 57.78254649499284, 57.682403433476395, 59.28469241773963, 60.28612303290415, 61.48783977110158, 62.088698140200286, 60.78683834048641, 60.5865522174535, 60.486409155937054, 60.3862660944206, 60.68669527896996, 61.78826895565093, 61.88841201716738, 61.68812589413448, 61.18741058655222, 60.987124463519315, 60.68669527896996, 60.78683834048641, 61.68812589413448, 61.88841201716738, 60.987124463519315, 60.88698140200286, 60.486409155937054, 60.28612303290415, 60.3862660944206, 61.587982832618025, 61.587982832618025, 60.78683834048641, 60.185979971387695, 59.88555078683834, 59.18454935622317, 59.18454935622317, 58.88412017167382, 57.181688125894134, 55.479256080114446, 55.379113018598, 54.17739628040057, 52.675250357653795, 52.07439198855508, 51.77396280400572, 50.07153075822603, 49.57081545064378, 47.06723891273248, 46.96709585121602, 45.06437768240343, 44.56366237482117, 43.4620886981402, 42.66094420600858, 42.66094420600858, 44.06294706723891, 44.36337625178827, 43.16165951359084, 43.16165951359084, 43.4620886981402, 43.76251788268955, 43.16165951359084, 43.061516452074386, 43.361945636623744, 44.06294706723891, 42.66094420600858, 43.96280400572246, 45.06437768240343, 46.666666666666664, 47.96852646638054, 50.17167381974249, 51.47353361945636, 54.377682403433475, 56.280400572246066, 57.78254649499284, 59.28469241773963, 60.68669527896996, 62.389127324749644, 62.989985693848354, 64.09155937052932, 65.49356223175965, 65.79399141630901, 65.99427753934192, 66.09442060085837, 66.09442060085837, 65.89413447782546, 65.3934191702432, 64.5922746781116, 63.99141630901288, 64.79256080114449, 65.3934191702432, 65.49356223175965]

Mohawk
>>> hairX
[23.947895791583168, 16.53306613226453, 23.947895791583168, 19.238476953907817, 25.050100200400802, 24.749498997995993, 26.55310621242485, 30.561122244488978, 28.857715430861724, 34.06813627254509, 30.561122244488978, 34.76953907815631, 31.162324649298597, 34.569138276553105, 31.062124248496996, 33.366733466933866, 30.060120240480963, 30.060120240480963, 30.360721442885772, 30.561122244488978, 30.561122244488978, 29.35871743486974, 28.156312625250504, 27.354709418837675, 25.350701402805612, 24.749498997995993, 24.448897795591183, 24.248496993987978]
>>> hairY
[61.68812589413448, 64.79256080114449, 63.59084406294707, 67.8969957081545, 65.09298998569385, 69.29899856938484, 65.09298998569385, 67.8969957081545, 64.19170243204577, 63.29041487839771, 62.28898426323319, 60.28612303290415, 59.98569384835479, 56.68097281831187, 57.98283261802575, 53.776824034334766, 55.87982832618026, 56.68097281831187, 57.48211731044349, 58.98426323319027, 61.78826895565093, 62.78969957081545, 63.79113018597997, 64.29184549356223, 64.79256080114449, 63.89127324749642, 63.09012875536481, 61.98855507868383]

Bowl-Cut
>>> hairX
[17.43486973947896, 17.935871743486974, 19.539078156312627, 22.14428857715431, 25.350701402805612, 28.35671342685371, 30.460921843687377, 32.06412825651303, 32.66533066132265, 33.06613226452906, 32.16432865731463, 30.060120240480963, 27.75551102204409, 26.052104208416836, 24.949899799599198, 23.647294589178358, 22.74549098196393, 22.845691382765533, 21.442885771543086, 20.34068136272545, 18.837675350701403, 18.03607214428858]
>>> hairY
[59.88555078683834, 62.58941344778255, 64.49213161659513, 66.29470672389127, 66.49499284692418, 66.19456366237482, 64.79256080114449, 62.689556509298995, 61.08726752503576, 59.585121602288986, 59.48497854077253, 59.48497854077253, 59.38483547925608, 59.685264663805434, 59.685264663805434, 59.685264663805434, 63.29041487839771, 60.28612303290415, 60.185979971387695, 59.88555078683834, 59.88555078683834, 59.98569384835479]

Girll - Youtube Hair
>>> hairX
[24.448897795591183, 23.74749498997996, 23.04609218436874, 22.244488977955914, 21.24248496993988, 20.841683366733466, 19.739478957915832, 19.438877755511022, 18.637274549098198, 18.13627254509018, 18.03607214428858, 17.535070140280563, 17.535070140280563, 17.334669338677354, 17.234468937875754, 17.234468937875754, 17.635270541082164, 19.138276553106213, 19.238476953907817, 19.438877755511022, 19.639278557114228, 19.739478957915832, 19.739478957915832, 19.739478957915832, 19.739478957915832, 19.839679358717436, 19.839679358717436, 19.839679358717436, 19.839679358717436, 19.839679358717436, 20.140280561122246, 20.240480961923847, 20.440881763527056, 20.440881763527056, 20.440881763527056, 20.64128256513026, 20.94188376753507, 20.94188376753507, 21.042084168336675, 21.142284569138276, 21.24248496993988, 21.643286573146295, 21.8436873747495, 22.244488977955914, 22.44488977955912, 22.645290581162325, 23.647294589178358, 24.448897795591183, 25.450901803607216, 26.25250501002004, 26.753507014028056, 26.753507014028056, 26.953907815631265, 27.15430861723447, 27.354709418837675, 27.655310621242485, 27.655310621242485, 27.855711422845694, 27.855711422845694, 28.256513026052104, 28.256513026052104, 28.256513026052104, 28.65731462925852, 28.65731462925852, 28.65731462925852, 28.65731462925852, 28.65731462925852, 29.158316633266534, 29.458917835671343, 29.458917835671343, 29.458917835671343, 29.458917835671343, 29.35871743486974, 28.35671342685371, 28.256513026052104, 28.857715430861724, 29.759519038076153, 31.362725450901806, 31.362725450901806, 31.362725450901806, 31.462925851703407, 31.462925851703407, 31.462925851703407, 31.462925851703407, 31.362725450901806, 30.861723446893787, 30.260521042084168, 29.65931863727455, 28.65731462925852, 27.75551102204409, 26.85370741482966, 25.95190380761523, 24.849699398797597]
>>> hairY
[65.5937052932761, 65.79399141630901, 65.99427753934192, 65.5937052932761, 65.3934191702432, 64.69241773962804, 64.19170243204577, 63.490701001430615, 62.48927038626609, 60.78683834048641, 59.084406294706724, 56.580829756795424, 53.776824034334766, 49.871244635193136, 46.56652360515021, 43.6623748211731, 43.361945636623744, 43.361945636623744, 43.6623748211731, 44.663805436337626, 46.86695278969957, 48.06866952789699, 50.67238912732475, 52.174535050071526, 54.57796852646638, 55.97997138769671, 57.48211731044349, 59.084406294706724, 56.98140200286123, 54.77825464949928, 53.17596566523605, 51.67381974248927, 51.273247496423465, 52.675250357653795, 54.377682403433475, 55.97997138769671, 57.8826895565093, 60.28612303290415, 61.88841201716738, 59.685264663805434, 58.18311874105866, 58.48354792560801, 60.3862660944206, 61.98855507868383, 60.68669527896996, 60.5865522174535, 60.68669527896996, 60.68669527896996, 60.68669527896996, 60.68669527896996, 60.68669527896996, 61.08726752503576, 62.088698140200286, 62.78969957081545, 62.088698140200286, 60.78683834048641, 59.585121602288986, 57.58226037195994, 55.97997138769671, 56.580829756795424, 58.58369098712446, 60.28612303290415, 59.28469241773963, 57.181688125894134, 54.77825464949928, 52.57510729613734, 50.27181688125894, 50.7725321888412, 53.276108726752504, 54.377682403433475, 55.67954220314735, 52.07439198855508, 50.472103004291846, 46.76680972818312, 45.16452074391988, 44.26323319027182, 44.36337625178827, 44.36337625178827, 45.16452074391988, 47.86838340486409, 49.971387696709584, 52.975679542203146, 56.580829756795424, 58.0829756795422, 60.5865522174535, 61.88841201716738, 63.89127324749642, 65.1931330472103, 65.5937052932761, 65.79399141630901, 66.09442060085837, 65.69384835479256, 65.49356223175965]

SHOES
>>> leftX
[17.73547094188377, 17.935871743486974, 18.13627254509018, 18.43687374749499, 19.03807615230461, 19.338677354709418, 19.639278557114228, 19.639278557114228, 19.639278557114228, 18.336673346693388, 17.034068136272545, 15.531062124248498, 14.629258517034069, 14.629258517034069, 15.130260521042084, 15.6312625250501, 16.032064128256515, 16.23246492985972, 16.733466933867735, 16.83366733466934, 17.13426853707415, 17.334669338677354, 18.03607214428858]
>>> leftY
[28.340486409155936, 28.040057224606578, 28.040057224606578, 27.839771101573675, 27.939914163090123, 28.24034334763948, 28.24034334763948, 27.63948497854077, 26.63805436337625, 26.437768240343345, 26.237482117310442, 26.03719599427754, 26.237482117310442, 26.537911301859793, 27.13876967095851, 27.13876967095851, 27.13876967095851, 27.13876967095851, 27.13876967095851, 27.43919885550787, 27.939914163090123, 28.24034334763948, 28.24034334763948]
>>> rightX
[31.362725450901806, 31.763527054108216, 31.763527054108216, 32.46492985971944, 32.86573146292585, 32.965931863727455, 33.26653306613227, 33.366733466933866, 33.567134268537075, 33.66733466933868, 34.168336673346694, 34.86973947895792, 35.97194388777555, 35.97194388777555, 35.97194388777555, 31.462925851703407, 31.462925851703407, 31.362725450901806]
>>> rightY
[27.13876967095851, 27.038626609442055, 27.238912732474958, 26.938483547925607, 27.339055793991413, 27.539341917024316, 27.539341917024316, 27.43919885550787, 27.13876967095851, 27.13876967095851, 26.738197424892704, 26.63805436337625, 26.437768240343345, 26.137339055793987, 25.83690987124463, 25.73676680972818, 26.738197424892704, 26.938483547925607]

